05924838358
02855311748
11595905758
60465810365
60957886330
00885071301
04040697383
03640843320
03793326390
0473101325
02047151309
04334067395
05058107350
60569016371
05738971310
05748557347
06826000326
05884718365
56743025372
05005791302
07222347321
06577022348
07857706310
45444722372
05825449396
04001727390
12047319773
14657547763
09821359315
00810056250
61289291330
04488876307
01751051382
01889926345
07363488320
05627977426
00779319478
61104580314
02602309362
14692257784
01209972905
03452744310
12309204633
40415624819
91674620306
99849011149
05373116378
12640843745
04217938306
04977336410
60644941316
06730844345
60729923312
06296087330
99498804320
02347516302
08723815795
07345090302
70326720359
05958510371
03404444767
13962167315
03960179324
56757646315
10705535657
13064667688
00560112378
61074682343
03906454940
39998463807
04949661302
13967322769
04377363930
93795327253 
07289302931
83133682334
07191249678
02191677371
00896765563
14878934778
05429429767
78820111349
02741809364
04101222380
17461620746
06456630347
62322923320
06520785326
09678151774 
02861353376
63374242391
03904863371
41083172620
60822878356
75439158391
03228977005
04343693309
02477116320 
02973911001
07290504321
05775290720
60899358322
04869319357
15924412709
15565860784
05356090609
05754327307
29729556334
12290984701
07029526309
01078201374
05359923350
73006530306
01385814365
15382495700
61156487340
11668142708
14009024607
04406726357
06895283374
01233499904
07409543345
72969679353
04525047321
04833673380
00699641231
02539486304
06116853374
14096632643
05060619303
00927544300
01108340385
08280073906
05700246333
70111165407
00045293244
06187162382
10101202717
60386349320
73051538049
11635119782
16356113774
15062352711
05117094395
04352454303
06678771346
09249690401
60387172343
06244458362
03899342593
02943462799
11316786480
07361689310
02558361201
64628850330
07130375396
11056321725
06820421370
63007010268
03582908305
04098087332
02909271374
10000510726
04441046669
82490899368
03807822356
04246612170
07597829469
00604264380
05216683364
05109049394
26606666368
06200875367
61302779389
02378003307
06579920386
76176479304
04111272339
86029177168
80875033334
05699850309
07597530404
06435667403
00781009332
08248755754
61059203340
78907993300
10819385441
61304831396
47333774368
08492550740
01626987556
05305094313
12700323645
05537386747
15790367755
05066463356
04695835339
03072918392
06536176316
05816120352
91681960320
15465419776
41412370353
40182573842
67869483320
06738200684
64361110344
61182300308
10305576755
60460896385
04878715375
02492028089
98894161315
04937509322
03879827362
10427403480
05009346303
60026552396
94877297391
02718384425
14547485836
06048866321
01947319795
02328570321
00754313352
06559440362
10049739930
05437365390
06520627410
02693672333
10616331606
05883676723
15282276704
16272126719
00555132048
68532571972
13581739747
60982249357
43006132300
15149264741
05085277325
60545280338
05351829371
06045939379
13059830681
05262257348
05486454341
61310116300
05759198335
09090314440
05178551354